##BLOCKS= 2          
Plate:	Plate#1	1.3	PlateFormat	Endpoint	Absorbance	Raw	FALSE	1						1	562	1	12	96	1	8	None	
	Temperature(¡C)	1	2	3	4	5	6	7	8	9	10	11	12		
	37.00	0.0686	0.0717	0.0698	0.2415	0.228	0.2273	0.0475	0.0459	0.0485	0.0487	0.0474	0.0464		
		0.0825	0.0832	0.0835	0.183	0.1856	0.1753	0.0487	0.0464	0.048	0.0465	0.0468	0.047		
		0.1023	0.1004	0.1017	0.2175	0.2137	0.2168	0.0475	0.0471	0.0475	0.047	0.0474	0.0472		
		0.1322	0.1324	0.1371	0.1241	0.1248	0.1213	0.0482	0.0475	0.0476	0.0477	0.0474	0.0479		
		0.1955	0.199	0.1938	0.0478	0.0455	0.0508	0.046	0.0465	0.0479	0.0512	0.0477	0.0465		
		0.2963	0.2878	0.2974	0.046	0.0467	0.0462	0.0465	0.0477	0.0455	0.0456	0.0467	0.046		
		0.4599	0.4662	0.4779	0.0472	0.0455	0.0464	0.0473	0.0464	0.0493	0.0451	0.0463	0.0466		
		0.2617	0.2524	0.2584	0.0461	0.0463	0.0469	0.0448	0.0465	0.0464	0.0477	0.0472	0.0457		
		
~End
Original Filename: Untitled   Date Last Saved: Unsaved
Copyright © 2003 Molecular Devices. All rights reserved.
